59.9858E+0	10.4444E-6
119.8231E+0	11.2284E-6
179.6608E+0	11.2209E-6
239.4985E+0	11.2284E-6
299.3362E+0	11.2148E-6
359.1740E+0	11.1874E-6
419.0117E+0	11.2153E-6
478.8494E+0	11.2437E-6
538.6872E+0	11.2164E-6
598.5248E+0	11.2301E-6
658.3626E+0	11.2442E-6
718.2003E+0	11.2372E-6
778.0380E+0	11.2291E-6
837.8757E+0	11.2095E-6
897.7134E+0	11.2085E-6
957.5511E+0	11.1818E-6
1.0174E+3	11.2156E-6
1.0772E+3	11.2218E-6
1.1371E+3	11.2033E-6
1.1969E+3	11.1773E-6
1.2567E+3	11.2099E-6
1.3166E+3	11.1761E-6
1.3764E+3	11.2044E-6
1.4363E+3	11.2098E-6
1.4961E+3	11.2189E-6
1.5559E+3	11.2201E-6
1.6158E+3	11.1904E-6
1.6756E+3	11.2387E-6
1.7354E+3	11.2189E-6
1.7953E+3	11.2284E-6
1.8551E+3	11.2115E-6
1.9150E+3	11.1772E-6
1.9748E+3	11.1798E-6
2.0346E+3	11.1589E-6
2.0945E+3	11.1852E-6
2.1543E+3	11.1905E-6
2.2141E+3	11.2039E-6
2.2740E+3	11.1792E-6
2.3338E+3	11.1757E-6
2.3937E+3	11.1846E-6
2.4535E+3	11.2060E-6
2.5133E+3	11.1969E-6
2.5732E+3	11.2230E-6
2.6330E+3	11.1958E-6
2.6928E+3	11.1790E-6
2.7527E+3	11.2217E-6
2.8125E+3	11.1999E-6
2.8724E+3	11.2118E-6
2.9322E+3	11.1742E-6
2.9920E+3	11.1309E-6
3.0519E+3	11.1609E-6
3.1117E+3	11.1335E-6
3.1715E+3	11.1767E-6
3.2314E+3	11.1284E-6
3.2912E+3	11.1180E-6
3.3511E+3	11.1075E-6
3.4109E+3	11.1317E-6
3.4707E+3	11.1110E-6
3.5306E+3	11.1495E-6
3.5904E+3	11.1323E-6
3.6502E+3	11.1478E-6
3.7101E+3	11.1533E-6
3.7699E+3	11.1419E-6
3.8298E+3	11.1583E-6
3.8896E+3	11.0980E-6
3.9494E+3	11.1134E-6
4.0093E+3	11.1236E-6
4.0691E+3	11.1310E-6
4.1290E+3	11.1254E-6
4.1888E+3	11.1157E-6
4.2486E+3	11.1053E-6
4.3085E+3	11.0890E-6
4.3683E+3	11.1204E-6
4.4281E+3	11.1231E-6
4.4880E+3	11.0979E-6
4.5478E+3	11.1232E-6
4.6077E+3	11.1143E-6
4.6675E+3	11.0979E-6
4.7273E+3	11.1258E-6
4.7872E+3	11.0920E-6
4.8470E+3	11.0878E-6
4.9068E+3	11.1050E-6
4.9667E+3	11.0938E-6
5.0265E+3	11.0732E-6
5.0864E+3	11.0879E-6
5.1462E+3	11.0731E-6
5.2060E+3	11.0996E-6
5.2659E+3	11.0818E-6
5.3257E+3	11.0676E-6
5.3855E+3	11.0616E-6
5.4454E+3	11.0570E-6
5.5052E+3	11.0851E-6
5.5651E+3	11.0691E-6
5.6249E+3	11.0277E-6
5.6847E+3	11.0762E-6
5.7446E+3	11.0843E-6
5.8044E+3	11.0715E-6
5.8642E+3	11.0429E-6
5.9241E+3	11.0730E-6
5.9839E+3	11.0836E-6
6.0438E+3	11.0744E-6
6.1036E+3	11.0655E-6
6.1634E+3	11.0844E-6
6.2233E+3	11.0523E-6
6.2831E+3	11.0596E-6
6.3429E+3	11.0319E-6
6.4028E+3	11.0591E-6
6.4626E+3	11.0472E-6
6.5225E+3	11.0257E-6
6.5823E+3	11.0696E-6
6.6421E+3	11.0085E-6
6.7020E+3	11.0165E-6
6.7618E+3	11.0636E-6
6.8216E+3	11.0471E-6
6.8815E+3	11.0636E-6
6.9413E+3	11.0678E-6
7.0012E+3	11.0768E-6
7.0610E+3	11.0256E-6
7.1208E+3	11.0482E-6
7.1807E+3	11.0145E-6
7.2405E+3	11.0041E-6
7.3003E+3	11.0453E-6
7.3602E+3	11.0252E-6
7.4200E+3	11.0269E-6
7.4799E+3	11.0669E-6
7.5397E+3	11.0466E-6
7.5995E+3	10.9830E-6
7.6594E+3	11.0105E-6
7.7192E+3	11.0435E-6
7.7791E+3	11.0447E-6
7.8389E+3	11.0239E-6
7.8987E+3	10.9924E-6
7.9586E+3	11.0406E-6
8.0184E+3	11.0234E-6
8.0782E+3	11.0468E-6
8.1381E+3	11.0201E-6
8.1979E+3	11.0190E-6
8.2578E+3	11.0110E-6
8.3176E+3	11.0143E-6
8.3774E+3	10.9738E-6
8.4373E+3	11.0058E-6
8.4971E+3	11.0242E-6
8.5569E+3	10.9882E-6
8.6168E+3	10.9935E-6
8.6766E+3	10.9884E-6
8.7365E+3	11.0111E-6
8.7963E+3	11.0108E-6
8.8561E+3	10.9992E-6
8.9160E+3	11.0073E-6
8.9758E+3	11.0099E-6
9.0356E+3	10.9754E-6
9.0955E+3	10.9637E-6
9.1553E+3	10.9543E-6
9.2152E+3	10.9907E-6
9.2750E+3	10.9762E-6
9.3348E+3	10.9923E-6
9.3947E+3	10.9755E-6
9.4545E+3	10.9732E-6
9.5143E+3	10.9742E-6
9.5742E+3	10.9656E-6
9.6340E+3	10.9831E-6
9.6939E+3	10.9817E-6
9.7537E+3	10.9812E-6
9.8135E+3	11.0014E-6
9.8734E+3	10.9612E-6
9.9332E+3	10.9671E-6
9.9930E+3	11.0145E-6
10.0529E+3	11.0034E-6
10.1127E+3	10.9967E-6
10.1726E+3	10.9786E-6
10.2324E+3	10.9832E-6
10.2922E+3	10.9866E-6
10.3521E+3	10.9609E-6
10.4119E+3	10.9857E-6
10.4717E+3	10.9843E-6
10.5316E+3	10.9708E-6
10.5914E+3	10.9672E-6
10.6513E+3	10.9441E-6
10.7111E+3	10.9658E-6
10.7709E+3	10.9359E-6
10.8308E+3	10.9752E-6
10.8906E+3	10.9366E-6
10.9504E+3	10.9495E-6
11.0103E+3	10.9606E-6
11.0701E+3	10.9658E-6
11.1300E+3	10.9596E-6
11.1898E+3	10.9539E-6
11.2496E+3	10.9664E-6
11.3095E+3	10.9880E-6
11.3693E+3	10.9185E-6
11.4292E+3	10.9501E-6
11.4890E+3	10.9477E-6
11.5488E+3	10.9598E-6
11.6087E+3	10.9691E-6
11.6685E+3	10.9367E-6
11.7283E+3	10.9231E-6
11.7882E+3	10.9341E-6
11.8480E+3	10.9690E-6
11.9079E+3	10.9479E-6
11.9677E+3	10.9403E-6
12.0275E+3	10.9917E-6
12.0874E+3	10.9587E-6
12.1472E+3	10.9318E-6
12.2070E+3	10.9445E-6
12.2669E+3	10.9460E-6
12.3267E+3	10.9518E-6
12.3866E+3	10.9543E-6
12.4464E+3	10.9435E-6
12.5062E+3	10.9136E-6
12.5661E+3	10.9333E-6
12.6259E+3	10.9000E-6
12.6857E+3	10.9370E-6
12.7456E+3	10.9338E-6
12.8054E+3	10.9173E-6
12.8653E+3	10.9463E-6
12.9251E+3	10.9238E-6
12.9849E+3	10.8920E-6
13.0448E+3	10.8738E-6
13.1046E+3	10.9050E-6
13.1644E+3	10.8818E-6
13.2243E+3	10.8973E-6
13.2841E+3	10.9111E-6
13.3440E+3	10.9065E-6
13.4038E+3	10.9030E-6
13.4636E+3	10.8984E-6
13.5235E+3	10.8777E-6
13.5833E+3	10.9257E-6
13.6431E+3	10.9252E-6
13.7030E+3	10.9481E-6
13.7628E+3	10.9711E-6
13.8227E+3	10.9394E-6
13.8825E+3	10.9329E-6
13.9423E+3	10.9499E-6
14.0022E+3	10.9493E-6
14.0620E+3	10.9174E-6
14.1218E+3	10.9302E-6
14.1817E+3	10.9287E-6
14.2415E+3	10.9447E-6
14.3014E+3	10.9380E-6
14.3612E+3	10.9558E-6
14.4210E+3	10.9324E-6
14.4809E+3	10.9091E-6
14.5407E+3	10.8886E-6
14.6006E+3	10.8916E-6
14.6604E+3	10.9206E-6
14.7202E+3	10.9061E-6
14.7801E+3	10.8894E-6
14.8399E+3	10.8849E-6
14.8997E+3	10.8742E-6
14.9596E+3	10.8789E-6
15.0194E+3	10.8591E-6
15.0793E+3	10.8471E-6
15.1391E+3	10.8183E-6
15.1989E+3	10.8453E-6
15.2588E+3	10.8591E-6
15.3186E+3	10.8556E-6
15.3784E+3	10.8849E-6
15.4383E+3	10.8541E-6
15.4981E+3	10.8677E-6
15.5580E+3	10.8786E-6
15.6178E+3	10.8726E-6
15.6776E+3	10.8623E-6
15.7375E+3	10.8801E-6
15.7973E+3	10.9085E-6
15.8571E+3	10.8759E-6
15.9170E+3	10.8981E-6
15.9768E+3	10.8868E-6
16.0367E+3	10.8876E-6
16.0965E+3	10.8944E-6
16.1563E+3	10.8879E-6
16.2162E+3	10.8786E-6
16.2760E+3	10.8617E-6
16.3358E+3	10.8633E-6
16.3957E+3	10.8807E-6
16.4555E+3	10.8797E-6
16.5154E+3	10.8644E-6
16.5752E+3	10.8872E-6
16.6350E+3	10.8874E-6
16.6949E+3	10.8566E-6
16.7547E+3	10.8847E-6
16.8145E+3	10.9113E-6
16.8744E+3	10.8573E-6
16.9342E+3	10.8629E-6
16.9941E+3	10.8580E-6
17.0539E+3	10.8432E-6
17.1137E+3	10.8685E-6
17.1736E+3	10.8671E-6
17.2334E+3	10.8592E-6
17.2932E+3	10.8490E-6
17.3531E+3	10.8532E-6
17.4129E+3	10.8627E-6
17.4728E+3	10.8545E-6
17.5326E+3	10.8629E-6
17.5924E+3	10.8954E-6
17.6523E+3	10.8661E-6
17.7121E+3	10.8411E-6
17.7719E+3	10.8410E-6
17.8318E+3	10.8217E-6
17.8916E+3	10.8294E-6
17.9515E+3	10.8724E-6
18.0113E+3	10.8547E-6
18.0711E+3	10.8140E-6
18.1310E+3	10.8219E-6
18.1908E+3	10.8183E-6
18.2507E+3	10.8182E-6
18.3105E+3	10.8103E-6
18.3703E+3	10.8295E-6
18.4302E+3	10.8504E-6
18.4900E+3	10.8219E-6
18.5498E+3	10.8462E-6
18.6097E+3	10.8068E-6
18.6695E+3	10.8627E-6
18.7294E+3	10.8522E-6
18.7892E+3	10.8518E-6
18.8490E+3	10.8615E-6
18.9089E+3	10.8579E-6
18.9687E+3	10.8407E-6
19.0285E+3	10.8256E-6
19.0884E+3	10.8216E-6
19.1482E+3	10.8392E-6
19.2081E+3	10.8370E-6
19.2679E+3	10.8628E-6
19.3277E+3	10.8573E-6
19.3876E+3	10.8736E-6
19.4474E+3	10.8930E-6
19.5072E+3	10.8319E-6
19.5671E+3	10.8356E-6
19.6269E+3	10.8355E-6
19.6868E+3	10.8618E-6
19.7466E+3	10.8365E-6
19.8064E+3	10.8612E-6
19.8663E+3	10.8435E-6
19.9261E+3	10.8306E-6
19.9859E+3	10.8449E-6
20.0458E+3	10.8565E-6
20.1056E+3	10.8325E-6
20.1655E+3	10.8629E-6
20.2253E+3	10.8738E-6
20.2851E+3	10.8512E-6
20.3450E+3	10.8412E-6
20.4048E+3	10.8284E-6
20.4646E+3	10.8756E-6
20.5245E+3	10.8260E-6
20.5843E+3	10.8381E-6
20.6442E+3	10.8512E-6
20.7040E+3	10.8498E-6
20.7638E+3	10.8615E-6
20.8237E+3	10.8501E-6
20.8835E+3	10.8484E-6
20.9433E+3	10.8581E-6
21.0032E+3	10.8351E-6
21.0630E+3	10.8403E-6
21.1229E+3	10.8502E-6
21.1827E+3	10.8371E-6
21.2425E+3	10.8210E-6
21.3024E+3	10.8118E-6
21.3622E+3	10.8230E-6
21.4221E+3	10.8157E-6
21.4819E+3	10.8326E-6
21.5417E+3	10.8142E-6
21.6016E+3	10.8353E-6
21.6614E+3	10.8167E-6
21.7212E+3	10.8109E-6
21.7811E+3	10.8126E-6
21.8409E+3	10.7964E-6
21.9008E+3	10.8039E-6
21.9606E+3	10.7932E-6
22.0204E+3	10.8142E-6
22.0803E+3	10.7932E-6
22.1401E+3	10.7917E-6
22.1999E+3	10.8211E-6
22.2598E+3	10.7949E-6
22.3196E+3	10.8239E-6
22.3795E+3	10.8247E-6
22.4393E+3	10.8253E-6
22.4991E+3	10.8439E-6
22.5590E+3	10.7934E-6
22.6188E+3	10.8079E-6
22.6786E+3	10.7851E-6
22.7385E+3	10.8216E-6
22.7983E+3	10.8204E-6
22.8582E+3	10.8042E-6
22.9180E+3	10.8372E-6
22.9778E+3	10.8189E-6
23.0377E+3	10.8242E-6
23.0975E+3	10.8134E-6
23.1573E+3	10.8101E-6
23.2172E+3	10.8017E-6
23.2770E+3	10.7862E-6
23.3369E+3	10.7825E-6
23.3967E+3	10.8060E-6
23.4565E+3	10.8096E-6
23.5164E+3	10.8108E-6
23.5762E+3	10.8164E-6
23.6360E+3	10.7937E-6
23.6959E+3	10.7996E-6
23.7557E+3	10.8007E-6
23.8156E+3	10.7913E-6
23.8754E+3	10.7718E-6
23.9352E+3	10.7704E-6
23.9951E+3	10.7764E-6
24.0549E+3	10.7804E-6
24.1147E+3	10.7619E-6
24.1746E+3	10.7718E-6
24.2344E+3	10.7802E-6
24.2943E+3	10.7467E-6
24.3541E+3	10.7646E-6
24.4139E+3	10.7400E-6
24.4738E+3	10.7535E-6
24.5336E+3	10.7513E-6
24.5934E+3	10.7619E-6
24.6533E+3	10.7567E-6
24.7131E+3	10.7401E-6
24.7730E+3	10.7333E-6
24.8328E+3	10.7648E-6
24.8926E+3	10.7815E-6
24.9525E+3	10.7500E-6
25.0123E+3	10.7900E-6
25.0722E+3	10.8010E-6
25.1320E+3	10.7890E-6
25.1918E+3	10.7941E-6
25.2517E+3	10.7794E-6
25.3115E+3	10.7904E-6
25.3713E+3	10.7776E-6
25.4312E+3	10.7886E-6
25.4910E+3	10.7919E-6
25.5509E+3	10.7919E-6
25.6107E+3	10.7639E-6
25.6705E+3	10.7762E-6
25.7304E+3	10.7681E-6
25.7902E+3	10.7720E-6
25.8500E+3	10.7486E-6
25.9099E+3	10.7562E-6
25.9697E+3	10.7700E-6
26.0296E+3	10.7970E-6
26.0894E+3	10.7532E-6
26.1492E+3	10.7605E-6
26.2091E+3	10.7351E-6
26.2689E+3	10.7286E-6
26.3287E+3	10.7527E-6
26.3886E+3	10.7662E-6
26.4484E+3	10.7648E-6
26.5083E+3	10.7150E-6
26.5681E+3	10.7680E-6
26.6279E+3	10.7826E-6
26.6878E+3	10.7475E-6
26.7476E+3	10.7444E-6
26.8074E+3	10.7334E-6
26.8673E+3	10.7350E-6
26.9271E+3	10.7095E-6
26.9870E+3	10.7075E-6
27.0468E+3	10.7407E-6
27.1066E+3	10.7241E-6
27.1665E+3	10.7223E-6
27.2263E+3	10.6976E-6
27.2861E+3	10.7110E-6
27.3460E+3	10.7112E-6
27.4058E+3	10.7061E-6
27.4657E+3	10.7092E-6
27.5255E+3	10.7304E-6
27.5853E+3	10.7180E-6
27.6452E+3	10.7144E-6
27.7050E+3	10.7059E-6
27.7648E+3	10.6999E-6
27.8247E+3	10.7277E-6
27.8845E+3	10.7346E-6
27.9444E+3	10.7172E-6
28.0042E+3	10.7086E-6
28.0640E+3	10.7148E-6
28.1239E+3	10.7421E-6
28.1837E+3	10.7057E-6
28.2436E+3	10.6771E-6
28.3034E+3	10.7014E-6
28.3632E+3	10.7197E-6
28.4231E+3	10.7171E-6
28.4829E+3	10.7208E-6
28.5427E+3	10.7334E-6
28.6026E+3	10.7214E-6
28.6624E+3	10.7455E-6
28.7223E+3	10.7408E-6
28.7821E+3	10.7310E-6
28.8419E+3	10.7447E-6
28.9018E+3	10.7320E-6
28.9616E+3	10.7307E-6
29.0214E+3	10.7185E-6
29.0813E+3	10.7386E-6
29.1411E+3	10.7265E-6
29.2010E+3	10.7193E-6
29.2608E+3	10.7088E-6
29.3206E+3	10.7150E-6
29.3805E+3	10.6828E-6
29.4403E+3	10.7626E-6
29.5001E+3	10.7565E-6
29.5600E+3	10.7374E-6
29.6198E+3	10.7400E-6
29.6797E+3	10.7180E-6
29.7395E+3	10.7078E-6
29.7993E+3	10.6993E-6
29.8592E+3	10.6885E-6
29.9190E+3	10.6853E-6
29.9788E+3	10.6950E-6
30.0387E+3	10.7164E-6
30.0985E+3	10.6833E-6
30.1584E+3	10.6991E-6
30.2182E+3	10.6971E-6
30.2780E+3	10.6842E-6
30.3379E+3	10.6987E-6
30.3977E+3	10.7134E-6
30.4575E+3	10.7002E-6
30.5174E+3	10.6916E-6
30.5772E+3	10.7289E-6
30.6371E+3	10.7058E-6
30.6969E+3	10.7005E-6
30.7567E+3	10.6888E-6
30.8166E+3	10.6709E-6
30.8764E+3	10.6822E-6
30.9362E+3	10.6915E-6
30.9961E+3	10.6909E-6
31.0559E+3	10.6902E-6
31.1158E+3	10.7168E-6
31.1756E+3	10.6902E-6
31.2354E+3	10.6708E-6
31.2953E+3	10.6654E-6
31.3551E+3	10.6569E-6
31.4149E+3	10.6808E-6
31.4748E+3	10.6732E-6
31.5346E+3	10.6841E-6
31.5945E+3	10.6764E-6
31.6543E+3	10.6324E-6
31.7141E+3	10.6729E-6
31.7740E+3	10.6782E-6
31.8338E+3	10.6484E-6
31.8937E+3	10.7013E-6
31.9535E+3	10.6642E-6
32.0133E+3	10.6690E-6
32.0732E+3	10.6957E-6
32.1330E+3	10.6821E-6
32.1928E+3	10.6761E-6
32.2527E+3	10.6689E-6
32.3125E+3	10.6598E-6
32.3724E+3	10.6770E-6
32.4322E+3	10.6621E-6
32.4920E+3	10.6662E-6
32.5519E+3	10.6530E-6
32.6117E+3	10.6252E-6
32.6715E+3	10.6256E-6
32.7314E+3	10.6179E-6
32.7912E+3	10.6495E-6
32.8511E+3	10.6410E-6
32.9109E+3	10.6370E-6
32.9707E+3	10.6405E-6
33.0306E+3	10.6401E-6
33.0904E+3	10.6581E-6
33.1502E+3	10.6688E-6
33.2101E+3	10.6861E-6
33.2699E+3	10.6752E-6
33.3298E+3	10.6759E-6
33.3896E+3	10.6567E-6
33.4494E+3	10.6157E-6
33.5093E+3	10.6595E-6
33.5691E+3	10.6555E-6
33.6289E+3	10.6586E-6
33.6888E+3	10.6855E-6
33.7486E+3	10.6722E-6
33.8085E+3	10.6670E-6
33.8683E+3	10.6303E-6
33.9281E+3	10.6573E-6
33.9880E+3	10.6742E-6
34.0478E+3	10.6620E-6
34.1076E+3	10.6755E-6
34.1675E+3	10.6437E-6
34.2273E+3	10.6197E-6
34.2872E+3	10.6480E-6
34.3470E+3	10.6711E-6
34.4068E+3	10.6646E-6
34.4667E+3	10.6888E-6
34.5265E+3	10.6939E-6
34.5863E+3	10.6809E-6
34.6462E+3	10.6533E-6
34.7060E+3	10.6822E-6
34.7659E+3	10.6768E-6
34.8257E+3	10.6668E-6
34.8855E+3	10.6857E-6
34.9454E+3	10.6615E-6
35.0052E+3	10.6382E-6
35.0650E+3	10.6554E-6
35.1249E+3	10.6892E-6
35.1847E+3	10.6498E-6
35.2446E+3	10.6533E-6
35.3044E+3	10.6810E-6
35.3642E+3	10.6702E-6
35.4241E+3	10.7004E-6
35.4839E+3	10.6731E-6
35.5438E+3	10.6541E-6
35.6036E+3	10.6655E-6
35.6634E+3	10.6589E-6
35.7233E+3	10.6411E-6
35.7831E+3	10.6819E-6
35.8429E+3	10.6699E-6
35.9028E+3	10.6815E-6
35.9626E+3	10.6968E-6
36.0225E+3	10.6425E-6
36.0823E+3	10.6777E-6
36.1421E+3	10.6790E-6
36.2020E+3	10.6572E-6
36.2618E+3	10.6276E-6
36.3216E+3	10.6408E-6
36.3815E+3	10.6296E-6
36.4413E+3	10.6351E-6
36.5012E+3	10.6803E-6
36.5610E+3	10.6834E-6
36.6208E+3	10.6650E-6
36.6807E+3	10.6767E-6
36.7405E+3	10.6299E-6
36.8003E+3	10.6598E-6
36.8602E+3	10.6374E-6
36.9200E+3	10.6226E-6
36.9799E+3	10.6418E-6
37.0397E+3	10.6441E-6
37.0995E+3	10.6675E-6
37.1594E+3	10.6262E-6
37.2192E+3	10.6645E-6
37.2790E+3	10.6412E-6
37.3389E+3	10.6249E-6
37.3987E+3	10.5955E-6
37.4586E+3	10.6274E-6
37.5184E+3	10.6259E-6
37.5782E+3	10.6485E-6
37.6381E+3	10.6302E-6
37.6979E+3	10.6366E-6
37.7577E+3	10.6158E-6
37.8176E+3	10.6395E-6
37.8774E+3	10.6279E-6
37.9373E+3	10.6345E-6
37.9971E+3	10.6062E-6
38.0569E+3	10.6161E-6
38.1168E+3	10.6415E-6
38.1766E+3	10.6367E-6
38.2364E+3	10.6098E-6
38.2963E+3	10.6258E-6
38.3561E+3	10.5847E-6
38.4160E+3	10.6058E-6
38.4758E+3	10.6057E-6
38.5356E+3	10.6176E-6
38.5955E+3	10.6448E-6
38.6553E+3	10.6624E-6
38.7152E+3	10.6188E-6
38.7750E+3	10.6438E-6
38.8348E+3	10.5831E-6
38.8947E+3	10.6018E-6
38.9545E+3	10.6034E-6
39.0143E+3	10.6061E-6
39.0742E+3	10.6100E-6
39.1340E+3	10.6243E-6
39.1939E+3	10.6288E-6
39.2537E+3	10.6349E-6
39.3135E+3	10.6318E-6
39.3734E+3	10.6564E-6
39.4332E+3	10.6629E-6
39.4930E+3	10.6427E-6
39.5529E+3	10.6246E-6
39.6127E+3	10.6038E-6
39.6726E+3	10.5892E-6
39.7324E+3	10.5975E-6
39.7922E+3	10.6113E-6
39.8521E+3	10.6463E-6
39.9119E+3	10.6175E-6
39.9717E+3	10.6111E-6
40.0316E+3	10.6362E-6
40.0914E+3	10.6436E-6
40.1513E+3	10.6386E-6
40.2111E+3	10.6343E-6
40.2709E+3	10.6278E-6
40.3308E+3	10.6239E-6
40.3906E+3	10.6038E-6
40.4504E+3	10.6493E-6
40.5103E+3	10.6478E-6
40.5701E+3	10.6281E-6
40.6300E+3	10.6047E-6
40.6898E+3	10.6063E-6
40.7496E+3	10.6335E-6
40.8095E+3	10.6006E-6
40.8693E+3	10.6200E-6
40.9291E+3	10.5855E-6
40.9890E+3	10.6055E-6
41.0488E+3	10.5716E-6
41.1087E+3	10.5763E-6
41.1685E+3	10.5783E-6
41.2283E+3	10.5977E-6
41.2882E+3	10.6278E-6
41.3480E+3	10.6133E-6
41.4078E+3	10.5913E-6
41.4677E+3	10.6004E-6
41.5275E+3	10.6095E-6
41.5874E+3	10.6050E-6
41.6472E+3	10.5827E-6
41.7070E+3	10.6068E-6
41.7669E+3	10.6064E-6
41.8267E+3	10.5669E-6
41.8865E+3	10.5751E-6
41.9464E+3	10.6132E-6
42.0062E+3	10.5965E-6
42.0661E+3	10.5564E-6
42.1259E+3	10.5331E-6
42.1857E+3	10.5686E-6
42.2456E+3	10.5490E-6
42.3054E+3	10.5810E-6
42.3653E+3	10.5904E-6
42.4251E+3	10.5747E-6
42.4849E+3	10.5758E-6
42.5448E+3	10.5964E-6
42.6046E+3	10.5998E-6
42.6644E+3	10.6005E-6
42.7243E+3	10.6222E-6
42.7841E+3	10.5649E-6
42.8440E+3	10.5315E-6
42.9038E+3	10.5733E-6
42.9636E+3	10.5369E-6
43.0235E+3	10.5710E-6
43.0833E+3	10.5650E-6
43.1431E+3	10.5860E-6
43.2030E+3	10.5888E-6
43.2628E+3	10.5534E-6
43.3227E+3	10.5408E-6
43.3825E+3	10.5635E-6
43.4423E+3	10.5682E-6
43.5022E+3	10.5875E-6
43.5620E+3	10.5601E-6
43.6218E+3	10.5752E-6
43.6817E+3	10.5619E-6
43.7415E+3	10.5842E-6
43.8014E+3	10.5675E-6
43.8612E+3	10.5478E-6
43.9210E+3	10.5150E-6
43.9809E+3	10.5361E-6
44.0407E+3	10.5320E-6
44.1005E+3	10.5632E-6
44.1604E+3	10.5924E-6
44.2202E+3	10.5496E-6
44.2801E+3	10.5443E-6
44.3399E+3	10.5546E-6
44.3997E+3	10.5496E-6
44.4596E+3	10.5698E-6
44.5194E+3	10.5834E-6
44.5792E+3	10.5592E-6
44.6391E+3	10.5624E-6
44.6989E+3	10.5336E-6
44.7588E+3	10.5668E-6
44.8186E+3	10.5900E-6
44.8784E+3	10.5607E-6
44.9383E+3	10.5440E-6
44.9981E+3	10.5430E-6
45.0579E+3	10.5602E-6
45.1178E+3	10.5529E-6
45.1776E+3	10.5383E-6
45.2375E+3	10.5495E-6
45.2973E+3	10.5351E-6
45.3571E+3	10.5625E-6
45.4170E+3	10.5201E-6
45.4768E+3	10.5609E-6
45.5366E+3	10.5499E-6
45.5965E+3	10.5414E-6
45.6563E+3	10.5378E-6
45.7162E+3	10.5319E-6
45.7760E+3	10.5438E-6
45.8358E+3	10.5660E-6
45.8957E+3	10.5538E-6
45.9555E+3	10.5575E-6
46.0154E+3	10.5800E-6
46.0752E+3	10.5505E-6
46.1350E+3	10.5489E-6
46.1949E+3	10.5670E-6
46.2547E+3	10.5572E-6
46.3145E+3	10.5591E-6
46.3744E+3	10.5682E-6
46.4342E+3	10.5385E-6
46.4941E+3	10.5273E-6
46.5539E+3	10.5408E-6
46.6137E+3	10.5546E-6
46.6736E+3	10.5449E-6
46.7334E+3	10.5352E-6
46.7932E+3	10.5186E-6
46.8531E+3	10.5312E-6
46.9129E+3	10.5318E-6
46.9728E+3	10.5594E-6
47.0326E+3	10.5329E-6
47.0924E+3	10.5244E-6
47.1523E+3	10.5126E-6
47.2121E+3	10.5237E-6
47.2719E+3	10.5237E-6
47.3318E+3	10.4954E-6
47.3916E+3	10.5120E-6
47.4515E+3	10.4914E-6
47.5113E+3	10.5122E-6
47.5711E+3	10.5291E-6
47.6310E+3	10.5444E-6
47.6908E+3	10.5091E-6
47.7506E+3	10.5199E-6
47.8105E+3	10.5111E-6
47.8703E+3	10.5126E-6
47.9302E+3	10.5352E-6
47.9900E+3	10.5485E-6
48.0498E+3	10.5447E-6
48.1097E+3	10.5261E-6
48.1695E+3	10.5228E-6
48.2293E+3	10.5107E-6
48.2892E+3	10.5131E-6
48.3490E+3	10.5240E-6
48.4089E+3	10.4623E-6
48.4687E+3	10.5549E-6
48.5285E+3	10.5498E-6
48.5884E+3	10.5108E-6
48.6482E+3	10.5211E-6
48.7080E+3	10.5282E-6
48.7679E+3	10.5737E-6
48.8277E+3	10.5590E-6
48.8876E+3	10.5559E-6
48.9474E+3	10.5477E-6
49.0072E+3	10.5345E-6
49.0671E+3	10.5069E-6
49.1269E+3	10.5409E-6
49.1868E+3	10.5469E-6
49.2466E+3	10.5425E-6
49.3064E+3	10.5285E-6
49.3663E+3	10.5019E-6
49.4261E+3	10.5280E-6
49.4859E+3	10.5034E-6
49.5458E+3	10.4781E-6
49.6056E+3	10.4773E-6
49.6655E+3	10.4816E-6
49.7253E+3	10.4861E-6
49.7851E+3	10.4925E-6
49.8450E+3	10.4700E-6
49.9048E+3	10.4874E-6
49.9646E+3	10.5014E-6
50.0245E+3	10.4640E-6
50.0843E+3	10.4625E-6
50.1442E+3	10.4661E-6
50.2040E+3	10.4788E-6
50.2638E+3	10.4805E-6
50.3237E+3	10.4714E-6
50.3835E+3	10.4546E-6
50.4433E+3	10.4931E-6
50.5032E+3	10.4900E-6
50.5630E+3	10.4774E-6
50.6229E+3	10.5104E-6
50.6827E+3	10.5100E-6
50.7425E+3	10.4991E-6
50.8024E+3	10.4882E-6
50.8622E+3	10.4705E-6
50.9220E+3	10.4963E-6
50.9819E+3	10.4883E-6
51.0417E+3	10.4881E-6
51.1016E+3	10.4730E-6
51.1614E+3	10.5125E-6
51.2212E+3	10.5172E-6
51.2811E+3	10.4973E-6
51.3409E+3	10.4850E-6
51.4007E+3	10.4595E-6
51.4606E+3	10.4660E-6
51.5204E+3	10.4980E-6
51.5803E+3	10.4750E-6
51.6401E+3	10.4901E-6
51.6999E+3	10.4989E-6
51.7598E+3	10.5054E-6
51.8196E+3	10.4827E-6
51.8794E+3	10.5221E-6
51.9393E+3	10.4777E-6
51.9991E+3	10.4851E-6
52.0590E+3	10.4547E-6
52.1188E+3	10.4541E-6
52.1786E+3	10.4551E-6
52.2385E+3	10.4655E-6
52.2983E+3	10.4484E-6
52.3581E+3	10.4603E-6
52.4180E+3	10.4603E-6
52.4778E+3	10.4567E-6
52.5377E+3	10.4605E-6
52.5975E+3	10.4586E-6
52.6573E+3	10.4674E-6
52.7172E+3	10.4688E-6
52.7770E+3	10.4694E-6
52.8369E+3	10.4739E-6
52.8967E+3	10.4639E-6
52.9565E+3	10.4661E-6
53.0164E+3	10.4595E-6
53.0762E+3	10.4589E-6
53.1360E+3	10.4778E-6
53.1959E+3	10.4436E-6
53.2557E+3	10.4601E-6
53.3156E+3	10.4297E-6
53.3754E+3	10.4201E-6
53.4352E+3	10.4361E-6
53.4951E+3	10.4400E-6
53.5549E+3	10.4746E-6
53.6147E+3	10.4621E-6
53.6746E+3	10.4296E-6
53.7344E+3	10.4478E-6
53.7943E+3	10.4494E-6
53.8541E+3	10.4417E-6
53.9139E+3	10.4251E-6
53.9738E+3	10.4520E-6
54.0336E+3	10.4345E-6
54.0934E+3	10.4155E-6
54.1533E+3	10.4276E-6
54.2131E+3	10.4505E-6
54.2730E+3	10.4659E-6
54.3328E+3	10.4796E-6
54.3926E+3	10.4695E-6
54.4525E+3	10.4455E-6
54.5123E+3	10.4683E-6
54.5721E+3	10.4480E-6
54.6320E+3	10.4635E-6
54.6918E+3	10.4487E-6
54.7517E+3	10.4638E-6
54.8115E+3	10.4406E-6
54.8713E+3	10.4429E-6
54.9312E+3	10.4215E-6
54.9910E+3	10.4389E-6
55.0508E+3	10.4503E-6
55.1107E+3	10.4338E-6
55.1705E+3	10.4700E-6
55.2304E+3	10.4144E-6
55.2902E+3	10.4459E-6
55.3500E+3	10.4076E-6
55.4099E+3	10.4198E-6
55.4697E+3	10.4220E-6
55.5295E+3	10.4387E-6
55.5894E+3	10.4379E-6
55.6492E+3	10.4187E-6
55.7091E+3	10.4517E-6
55.7689E+3	10.4219E-6
55.8287E+3	10.4411E-6
55.8886E+3	10.4603E-6
55.9484E+3	10.4690E-6
56.0083E+3	10.4754E-6
56.0681E+3	10.4391E-6
56.1279E+3	10.4746E-6
56.1878E+3	10.4454E-6
56.2476E+3	10.4515E-6
56.3074E+3	10.4452E-6
56.3673E+3	10.4546E-6
